0 OP_17 []
4 OP_17 []
8 OP_17 []
12 OP_14 [1]
16 OP_15 [24, 1835100526, 23]
20 OP_16 [17, 64, 1, 1]
24 OP_71 [34, 0]
28 OP_71 [33, 0]
32 OP_71 [34, 0]
36 OP_71 [33, 1]
40 OP_71 [11, 5]
44 OP_19 []
48 OP_33 [1]
52 OP_20 []
56 OP_21 [32, 0]
60 OP_22 [32]
64 OP_23 [4, 3]
68 OP_23 [5, 3]
72 OP_5341 []
76 OP_32 [0, 8]
80 OP_32 [12, 4]
84 OP_32 [1, 6]
88 OP_4472 []
92 OP_32 [7, 12]
96 OP_43 [4, 0]
100 OP_43 [4, 255]
104 OP_43 [5, 0]
108 OP_43 [5, 981668463]
112 OP_43 [5, 1148846080]
116 OP_44 [7, 16, 16, 16]
120 OP_43 [4, 1]
124 OP_59 [9]
128 OP_59 [10]
132 OP_59 [11]
136 OP_54 [1, 0, 2]
140 OP_248 []
144 OP_59 [13]
148 OP_61 [6, 23]
152 OP_186 [4, 27, 0]
156 OP_186 [4, 27, 1]
160 OP_111 [5, 28]
164 OP_111 [5, 29]
168 OP_80 [7, 30, 31, 17]
172 OP_61 [8, 21]
176 OP_4473 [33, 14, 15, 20, 17, 32, 18]
180 OP_248 []
184 OP_246 [37, 0]
188 OP_4477 [35, 26]
192 OP_250 [37, 36]
196 OP_248 []
200 OP_249 []
204 OP_248 []
208 OP_4479 [38, 26, 14]
212 OP_171 [3, 38, 14]
216 OP_250 [40, 41]
220 OP_248 []
224 OP_65 [10, 22, 28]
228 OP_62 [43]
232 OP_248 []
236 OP_253 []
240 OP_56 []